MRI_Info
{
VERSION:     1.00

NASION:      129   25   186
LEFT_EAR:    43   127   191
RIGHT_EAR:   214   127   191

MM_PER_VOXEL_SAGITTAL:   1.000000
MM_PER_VOXEL_CORONAL:    1.000000
MM_PER_VOXEL_AXIAL:      1.000000

COORDINATES:      HEAD
}
